00 00 00 00 00 00 00 00 00 00 00 00 00 00 00 00 00 00 00 00 00 00 00 00 00
00 00 00 00 00 00 00 00 00 00 00 00 00 00 00 00 00 00 00 00 00 00 00 00 00
00 00 00 00 00 00 00 00 00 00 00 00 00 00 00 00 00 00 00 00 00 00 00 00 00
00 00 00 00 00 00 00 00 00 00desk 00desk 00desk 00chair 00desk 00desk 00desk 00 00 00 00 00 00 00 00 00
00 00 00 00 00 00 00 00 00 00desk 00desk 00desk 00desk 00desk 00desk 00desk 00 00 00 00 00 00 00 00 00
00 00 00 00 00 00 00 00 00 00desk 00desk 00desk 00desk 00desk 00desk 00desk 00 00 00 00 00 00 00 00 00
00 00 00 00 00 00 00 00 00 00 00 00 00 00 00 00 00 00 00 00 00 00 00 00 00
00 00 00 00 00 00 00 00 00 00 00 00 00 00 00 00 00 00 00 00 00 00 00 00 00
00 00 00 00 00 00 00 00 00 00 00 00 00 00 00 00 00 00 00 00 00 00 00 00 00
00 00 00 00employee 00 00 00 00 00 00 00 00 00 00 00 00 00 00 00 00 00 00 00 00 00
00 00 00 00 00 00 00 00 00 00 00 00 00 00 00 00 00 00 00 00 00 00 00 00 00
00 00 00 00 00 00 00 00 00 00 00 00 00 00 00 00 00 00 00 00 00 00 00 00 00
00 00 00 00 00 00 00 00 00 00 00 00 00 00 00 00 00 00employee 00 00 00 00 00 00 00
00 00 00 00 00 00 00 00 00 00 00 00 00 00 00 00 00 00 00 00 00 00 00 00 00
00 00 00 00 00 00 00 00 00 00employee 00 00 00 00 00 00 00 00 00 00 00 00 00 00 00
00 00 00 00 00 00 00 00 00 00 00 00 00 00 00 00 00 00 00 00 00 00 00 00 00
00 00 00 00 00 00 00 00 00 00 00 00 00 00 00 00 00 00 00 00 00 00 00 00 00
00 00 00 00 00 00 00 00 00 00 00 00 00 00 00 00 00 00 00 00 00 00 00 00 00
00 00 00 00 00chair 00chair 00 00 00 00 00 00 00 00 00 00 00 00 00 00chair 00chair 00 00 00 00
00 00 00 00chair 00desk 00desk 00chair 00 00 00 00 00 00 00 00 00 00 00 00chair 00desk 00desk 00chair 00 00 00
00 00 00 00chair 00desk 00desk 00chair 00 00 00 00 00 00 00 00 00 00 00 00chair 00desk 00desk 00chair 00 00 00
00 00 00 00 00chair 00chair 00 00 00 00 00 00 00 00 00 00 00 00 00 00chair 00chair 00 00 00 00
00 00 00 00 00 00 00 00 00 00 00 00 00 00 00 00 00 00 00 00 00 00 00 00 00
00 00 00 00 00 00 00 00 00 00 00 00 00 00 00 00 00 00 00 00 00 00 00 00 00
00 00 00 00 00 00 00 00 00 00 00 00 00 00 00 00 00 00 00 00 00 00 00 00 00
12
1
S
Congratulations!
Due to all your hard work, you have earned
a managerial position for this technology
company!
 
You have reached the top! Thank you for
playing.